-4.500000000000000000e+02
-4.500000000000000000e+02
-2.725000000000000000e+02
-1.075000000000000000e+02
-2.035000000000000000e+02
-4.500000000000000000e+02
-4.500000000000000000e+02
-4.500000000000000000e+02
-4.500000000000000000e+02
-4.500000000000000000e+02
-4.500000000000000000e+02
-4.500000000000000000e+02
-4.500000000000000000e+02
-4.500000000000000000e+02
-4.500000000000000000e+02
-4.500000000000000000e+02
-4.500000000000000000e+02
-4.500000000000000000e+02
-4.500000000000000000e+02
-4.500000000000000000e+02
-4.500000000000000000e+02
-4.500000000000000000e+02
-4.500000000000000000e+02
-4.500000000000000000e+02
-4.500000000000000000e+02
-4.500000000000000000e+02
-4.500000000000000000e+02
-4.500000000000000000e+02
-4.500000000000000000e+02
-4.500000000000000000e+02
-4.500000000000000000e+02
-4.500000000000000000e+02
-4.500000000000000000e+02
-4.500000000000000000e+02
-4.500000000000000000e+02
-4.500000000000000000e+02
-4.500000000000000000e+02
-4.500000000000000000e+02
-4.500000000000000000e+02
-4.500000000000000000e+02
-4.000000000000000000e+01
-3.805000000000000000e+02
-5.200000000000000000e+01
-1.510000000000000000e+02
-2.005000000000000000e+02
-1.030000000000000000e+02
-9.850000000000000000e+01
-6.100000000000000000e+01
-4.500000000000000000e+02
-2.500000000000000000e+01
-3.715000000000000000e+02
-1.000000000000000000e+01
-4.750000000000000000e+01
-7.600000000000000000e+01
-4.500000000000000000e+02
-1.840000000000000000e+02
-1.765000000000000000e+02
-7.750000000000000000e+01
-8.500000000000000000e+01
-6.100000000000000000e+01
-9.550000000000000000e+01
-7.450000000000000000e+01
6.500000000000000000e+00
-7.450000000000000000e+01
-3.100000000000000000e+01
-9.100000000000000000e+01
-3.400000000000000000e+01
-1.300000000000000000e+01
-8.050000000000000000e+01
-1.150000000000000000e+01
-4.000000000000000000e+01
-8.500000000000000000e+00
-4.000000000000000000e+00
1.850000000000000000e+01
1.700000000000000000e+01
-3.700000000000000000e+01
-2.500000000000000000e+01
-4.500000000000000000e+02
-9.400000000000000000e+01
1.100000000000000000e+01
-1.900000000000000000e+01
-2.050000000000000000e+01
5.000000000000000000e-01
-1.000000000000000000e+01
1.400000000000000000e+01
2.150000000000000000e+01
-1.360000000000000000e+02
-2.050000000000000000e+01
-4.500000000000000000e+02
-2.650000000000000000e+01
-7.900000000000000000e+01
-1.510000000000000000e+02
-6.100000000000000000e+01
-2.500000000000000000e+00
-2.350000000000000000e+01
-9.700000000000000000e+01
-5.650000000000000000e+01
-5.350000000000000000e+01
-2.800000000000000000e+01
-8.800000000000000000e+01
-4.000000000000000000e+00
3.050000000000000000e+01
-9.700000000000000000e+01
1.100000000000000000e+01
1.700000000000000000e+01
-1.450000000000000000e+01
-1.450000000000000000e+01
-3.550000000000000000e+01
-2.950000000000000000e+01
-3.850000000000000000e+01
-5.800000000000000000e+01
-1.000000000000000000e+00
8.000000000000000000e+00
-3.850000000000000000e+01
-5.650000000000000000e+01
1.250000000000000000e+01
-1.000000000000000000e+00
-1.000000000000000000e+00
-2.950000000000000000e+01
1.700000000000000000e+01
-5.500000000000000000e+00
-2.500000000000000000e+00
-7.450000000000000000e+01
-1.000000000000000000e+00
-1.900000000000000000e+01
-5.800000000000000000e+01
-3.550000000000000000e+01
-3.250000000000000000e+01
-1.240000000000000000e+02
3.500000000000000000e+00
-5.500000000000000000e+00
1.700000000000000000e+01
-8.350000000000000000e+01
-1.900000000000000000e+01
-1.450000000000000000e+01
-1.900000000000000000e+01
3.500000000000000000e+00
-5.500000000000000000e+01
-1.150000000000000000e+01
-1.450000000000000000e+01
-1.300000000000000000e+01
-1.900000000000000000e+01
-3.850000000000000000e+01
-1.600000000000000000e+01
-1.030000000000000000e+02
-5.800000000000000000e+01
1.400000000000000000e+01
-8.500000000000000000e+00
1.400000000000000000e+01
-1.150000000000000000e+01
-7.000000000000000000e+00
-4.450000000000000000e+01
5.000000000000000000e-01
-4.750000000000000000e+01
5.000000000000000000e+00
-1.150000000000000000e+01
2.000000000000000000e+00
-3.400000000000000000e+01
2.300000000000000000e+01
1.850000000000000000e+01
-4.750000000000000000e+01
-3.100000000000000000e+01
2.300000000000000000e+01
-2.050000000000000000e+01
-2.950000000000000000e+01
-5.500000000000000000e+01
2.000000000000000000e+00
-2.350000000000000000e+01
2.600000000000000000e+01
1.400000000000000000e+01
8.000000000000000000e+00
-4.900000000000000000e+01
-3.250000000000000000e+01
-7.000000000000000000e+00
2.150000000000000000e+01
-4.000000000000000000e+00
2.450000000000000000e+01
-5.500000000000000000e+00
1.100000000000000000e+01
1.550000000000000000e+01
1.250000000000000000e+01
-5.800000000000000000e+01
-1.600000000000000000e+01
2.750000000000000000e+01
-2.800000000000000000e+01
-1.300000000000000000e+01
-1.450000000000000000e+01
3.050000000000000000e+01
2.450000000000000000e+01
8.000000000000000000e+00
-4.450000000000000000e+01
-2.800000000000000000e+01
3.650000000000000000e+01
1.550000000000000000e+01
1.550000000000000000e+01
2.000000000000000000e+01
2.750000000000000000e+01
1.550000000000000000e+01
1.250000000000000000e+01
2.000000000000000000e+00
2.450000000000000000e+01
2.900000000000000000e+01
2.900000000000000000e+01
2.000000000000000000e+01
1.100000000000000000e+01
2.750000000000000000e+01
1.550000000000000000e+01
5.000000000000000000e-01
2.750000000000000000e+01
2.000000000000000000e+00
2.600000000000000000e+01
2.000000000000000000e+01
1.850000000000000000e+01
2.300000000000000000e+01
2.150000000000000000e+01
1.850000000000000000e+01
3.050000000000000000e+01
3.500000000000000000e+00
-7.000000000000000000e+00
2.300000000000000000e+01
2.900000000000000000e+01
-6.250000000000000000e+01
6.500000000000000000e+00
1.850000000000000000e+01
2.750000000000000000e+01
3.050000000000000000e+01
2.900000000000000000e+01
9.500000000000000000e+00
3.350000000000000000e+01
1.250000000000000000e+01
3.500000000000000000e+00
2.450000000000000000e+01
2.750000000000000000e+01
1.550000000000000000e+01
1.700000000000000000e+01
2.150000000000000000e+01
3.650000000000000000e+01
2.150000000000000000e+01
2.150000000000000000e+01
1.400000000000000000e+01
2.000000000000000000e+01
2.300000000000000000e+01
8.000000000000000000e+00
2.900000000000000000e+01
1.700000000000000000e+01
3.200000000000000000e+01
2.900000000000000000e+01
3.050000000000000000e+01
3.500000000000000000e+01
2.150000000000000000e+01
2.150000000000000000e+01
2.450000000000000000e+01
2.600000000000000000e+01
2.450000000000000000e+01
2.600000000000000000e+01
3.350000000000000000e+01
5.000000000000000000e+00
3.050000000000000000e+01
1.100000000000000000e+01
1.100000000000000000e+01
2.900000000000000000e+01
2.600000000000000000e+01
2.000000000000000000e+01
8.000000000000000000e+00
3.050000000000000000e+01
3.200000000000000000e+01
2.300000000000000000e+01
2.900000000000000000e+01
3.200000000000000000e+01
2.300000000000000000e+01
2.600000000000000000e+01
1.400000000000000000e+01
3.050000000000000000e+01
2.900000000000000000e+01
1.700000000000000000e+01
2.000000000000000000e+01
3.500000000000000000e+01
3.350000000000000000e+01
3.200000000000000000e+01
3.350000000000000000e+01
3.200000000000000000e+01
3.500000000000000000e+01
2.000000000000000000e+01
3.350000000000000000e+01
2.900000000000000000e+01
3.050000000000000000e+01
3.200000000000000000e+01
2.300000000000000000e+01
3.200000000000000000e+01
3.050000000000000000e+01
2.900000000000000000e+01
2.900000000000000000e+01
2.300000000000000000e+01
3.200000000000000000e+01
3.350000000000000000e+01
3.500000000000000000e+01
1.700000000000000000e+01
2.750000000000000000e+01
-4.000000000000000000e+00
3.200000000000000000e+01
2.750000000000000000e+01
2.450000000000000000e+01
5.000000000000000000e+00
1.400000000000000000e+01
3.050000000000000000e+01
2.450000000000000000e+01
2.900000000000000000e+01
2.900000000000000000e+01
3.050000000000000000e+01
2.000000000000000000e+01
2.900000000000000000e+01
3.500000000000000000e+01
2.900000000000000000e+01
3.500000000000000000e+01
3.200000000000000000e+01
2.600000000000000000e+01
2.750000000000000000e+01
3.500000000000000000e+01
2.900000000000000000e+01
2.750000000000000000e+01
2.900000000000000000e+01
3.350000000000000000e+01
1.100000000000000000e+01
3.500000000000000000e+01
2.750000000000000000e+01
3.200000000000000000e+01
2.900000000000000000e+01
3.200000000000000000e+01
3.500000000000000000e+01
2.750000000000000000e+01
3.350000000000000000e+01
3.500000000000000000e+01
3.350000000000000000e+01
9.500000000000000000e+00
3.500000000000000000e+01
3.200000000000000000e+01
2.450000000000000000e+01
3.050000000000000000e+01
2.000000000000000000e+01
3.200000000000000000e+01
3.500000000000000000e+01
3.500000000000000000e+01
2.450000000000000000e+01
2.300000000000000000e+01
3.050000000000000000e+01
2.600000000000000000e+01
3.050000000000000000e+01
3.350000000000000000e+01
3.200000000000000000e+01
2.450000000000000000e+01
1.700000000000000000e+01
2.750000000000000000e+01
3.050000000000000000e+01
3.650000000000000000e+01
3.500000000000000000e+01
2.750000000000000000e+01
1.550000000000000000e+01
3.500000000000000000e+01
3.650000000000000000e+01
3.500000000000000000e+01
3.200000000000000000e+01
2.900000000000000000e+01
2.750000000000000000e+01
3.650000000000000000e+01
3.050000000000000000e+01
3.650000000000000000e+01
3.350000000000000000e+01
3.650000000000000000e+01
3.350000000000000000e+01
1.400000000000000000e+01
2.300000000000000000e+01
3.350000000000000000e+01
3.050000000000000000e+01
2.000000000000000000e+01
3.200000000000000000e+01
3.650000000000000000e+01
3.650000000000000000e+01
2.750000000000000000e+01
3.200000000000000000e+01
2.900000000000000000e+01
3.350000000000000000e+01
3.050000000000000000e+01
3.650000000000000000e+01
3.350000000000000000e+01
2.600000000000000000e+01
3.200000000000000000e+01
3.350000000000000000e+01
2.600000000000000000e+01
3.350000000000000000e+01
3.650000000000000000e+01
2.000000000000000000e+01
2.750000000000000000e+01
3.500000000000000000e+01
3.500000000000000000e+01
2.600000000000000000e+01
2.750000000000000000e+01
2.600000000000000000e+01
3.350000000000000000e+01
3.350000000000000000e+01
3.350000000000000000e+01
3.350000000000000000e+01
3.200000000000000000e+01
3.500000000000000000e+01
3.350000000000000000e+01
3.650000000000000000e+01
3.350000000000000000e+01
3.200000000000000000e+01
3.350000000000000000e+01
2.750000000000000000e+01
3.650000000000000000e+01
3.500000000000000000e+01
3.650000000000000000e+01
2.900000000000000000e+01
2.750000000000000000e+01
3.500000000000000000e+01
3.350000000000000000e+01
2.600000000000000000e+01
3.350000000000000000e+01
3.350000000000000000e+01
3.350000000000000000e+01
3.500000000000000000e+01
3.200000000000000000e+01
3.200000000000000000e+01
3.650000000000000000e+01
3.500000000000000000e+01
3.650000000000000000e+01
3.650000000000000000e+01
3.500000000000000000e+01
3.350000000000000000e+01
3.050000000000000000e+01
3.200000000000000000e+01
3.500000000000000000e+01
3.500000000000000000e+01
2.000000000000000000e+01
3.350000000000000000e+01
3.650000000000000000e+01
3.500000000000000000e+01
1.700000000000000000e+01
2.900000000000000000e+01
3.350000000000000000e+01
3.200000000000000000e+01
2.900000000000000000e+01
3.200000000000000000e+01
3.650000000000000000e+01
3.050000000000000000e+01
3.650000000000000000e+01
3.200000000000000000e+01
3.500000000000000000e+01
3.500000000000000000e+01
3.500000000000000000e+01
3.500000000000000000e+01
1.250000000000000000e+01
3.500000000000000000e+01
3.050000000000000000e+01
3.650000000000000000e+01
3.050000000000000000e+01
3.500000000000000000e+01
3.650000000000000000e+01
2.900000000000000000e+01
3.650000000000000000e+01
3.500000000000000000e+01
3.350000000000000000e+01
3.500000000000000000e+01
3.200000000000000000e+01
2.900000000000000000e+01
3.650000000000000000e+01
3.650000000000000000e+01
2.900000000000000000e+01
3.050000000000000000e+01
3.200000000000000000e+01
2.900000000000000000e+01
3.650000000000000000e+01
3.050000000000000000e+01
3.500000000000000000e+01
3.350000000000000000e+01
3.350000000000000000e+01
3.350000000000000000e+01
3.350000000000000000e+01
3.500000000000000000e+01
3.650000000000000000e+01
3.200000000000000000e+01
3.050000000000000000e+01
3.650000000000000000e+01
3.200000000000000000e+01
3.650000000000000000e+01
3.200000000000000000e+01
3.650000000000000000e+01
3.200000000000000000e+01
3.650000000000000000e+01
3.500000000000000000e+01
3.650000000000000000e+01
3.350000000000000000e+01
3.500000000000000000e+01
3.650000000000000000e+01
3.500000000000000000e+01
3.200000000000000000e+01
3.650000000000000000e+01
3.650000000000000000e+01
2.600000000000000000e+01
3.500000000000000000e+01
