-1.565000000000000000e+02
-3.960500000000000000e+03
-4.420000000000000000e+02
-1.171000000000000000e+03
-6.810000000000000000e+02
-1.950000000000000000e+01
-3.400000000000000000e+01
-8.260000000000000000e+02
-1.175000000000000000e+02
-4.155000000000000000e+02
-2.085000000000000000e+02
-1.085000000000000000e+02
-1.260000000000000000e+02
-1.720000000000000000e+02
-3.200000000000000000e+01
-1.830000000000000000e+02
-1.500000000000000000e+01
-1.415000000000000000e+02
-1.135000000000000000e+02
-7.450000000000000000e+01
-1.300000000000000000e+01
-6.850000000000000000e+01
-4.200000000000000000e+01
-5.150000000000000000e+01
-1.200000000000000000e+01
-1.110000000000000000e+02
-2.750000000000000000e+01
-1.395000000000000000e+02
-2.550000000000000000e+01
-6.450000000000000000e+01
-6.100000000000000000e+01
-1.750000000000000000e+01
-1.655000000000000000e+02
-1.645000000000000000e+02
-3.000000000000000000e+01
-7.400000000000000000e+01
-2.350000000000000000e+01
-1.700000000000000000e+01
-2.620000000000000000e+02
-1.125000000000000000e+02
-2.000000000000000000e+01
-9.300000000000000000e+01
-6.400000000000000000e+01
-6.950000000000000000e+01
-3.450000000000000000e+01
-9.500000000000000000e+00
-8.000000000000000000e+01
-3.100000000000000000e+01
-1.400000000000000000e+01
-5.850000000000000000e+01
-3.000000000000000000e+00
-4.200000000000000000e+01
-2.000000000000000000e+01
-4.050000000000000000e+01
-2.600000000000000000e+01
-1.700000000000000000e+01
-7.350000000000000000e+01
-2.550000000000000000e+01
-3.850000000000000000e+01
-1.450000000000000000e+01
-1.200000000000000000e+01
-2.350000000000000000e+01
-3.345000000000000000e+02
-9.400000000000000000e+01
-4.000000000000000000e+00
-1.200000000000000000e+01
-5.300000000000000000e+01
-2.680000000000000000e+02
-1.095000000000000000e+02
-1.485000000000000000e+02
-2.365000000000000000e+02
-9.000000000000000000e+01
-3.550000000000000000e+01
-4.800000000000000000e+01
-8.500000000000000000e+00
-1.215000000000000000e+02
-3.300000000000000000e+01
-3.600000000000000000e+01
-9.500000000000000000e+01
-1.165000000000000000e+02
-7.550000000000000000e+01
-6.350000000000000000e+01
-5.000000000000000000e+00
-3.500000000000000000e+01
3.500000000000000000e+00
-6.400000000000000000e+01
-2.100000000000000000e+01
2.000000000000000000e+00
4.000000000000000000e+00
-1.750000000000000000e+01
-3.500000000000000000e+00
-2.500000000000000000e+00
-3.600000000000000000e+01
-1.050000000000000000e+01
-1.500000000000000000e+00
1.000000000000000000e+00
-9.500000000000000000e+00
-7.000000000000000000e+00
-5.000000000000000000e+00
-1.000000000000000000e+00
-3.000000000000000000e+00
-1.450000000000000000e+01
-3.500000000000000000e+01
-2.650000000000000000e+01
-5.900000000000000000e+01
-2.450000000000000000e+01
-1.650000000000000000e+01
2.500000000000000000e+00
5.500000000000000000e+00
-6.000000000000000000e+00
-9.500000000000000000e+00
-4.000000000000000000e+01
-4.500000000000000000e+00
-1.000000000000000000e+01
-9.500000000000000000e+00
-6.000000000000000000e+00
-9.000000000000000000e+00
-2.700000000000000000e+01
2.000000000000000000e+00
1.000000000000000000e+00
9.000000000000000000e+00
3.000000000000000000e+00
-1.150000000000000000e+01
-6.000000000000000000e+00
1.000000000000000000e+00
-4.000000000000000000e+00
5.000000000000000000e-01
-6.000000000000000000e+00
5.000000000000000000e-01
6.500000000000000000e+00
4.500000000000000000e+00
0.000000000000000000e+00
-5.500000000000000000e+00
0.000000000000000000e+00
6.500000000000000000e+00
9.000000000000000000e+00
1.000000000000000000e+00
1.050000000000000000e+01
-1.500000000000000000e+01
-5.000000000000000000e-01
-6.000000000000000000e+00
3.500000000000000000e+00
5.000000000000000000e-01
-2.500000000000000000e+00
4.000000000000000000e+00
4.000000000000000000e+00
6.000000000000000000e+00
1.000000000000000000e+00
5.500000000000000000e+00
3.500000000000000000e+00
8.500000000000000000e+00
3.000000000000000000e+00
-2.000000000000000000e+00
5.000000000000000000e+00
5.500000000000000000e+00
3.000000000000000000e+00
1.050000000000000000e+01
5.500000000000000000e+00
7.000000000000000000e+00
2.500000000000000000e+00
5.000000000000000000e+00
8.500000000000000000e+00
4.500000000000000000e+00
4.500000000000000000e+00
-5.000000000000000000e+00
2.500000000000000000e+00
7.000000000000000000e+00
-2.000000000000000000e+00
3.500000000000000000e+00
1.000000000000000000e+01
3.000000000000000000e+00
7.000000000000000000e+00
7.000000000000000000e+00
9.500000000000000000e+00
6.000000000000000000e+00
9.500000000000000000e+00
8.500000000000000000e+00
3.000000000000000000e+00
4.000000000000000000e+00
5.500000000000000000e+00
1.050000000000000000e+01
-1.000000000000000000e+00
3.500000000000000000e+00
7.000000000000000000e+00
6.000000000000000000e+00
5.000000000000000000e+00
7.500000000000000000e+00
6.500000000000000000e+00
7.000000000000000000e+00
5.000000000000000000e+00
9.000000000000000000e+00
9.000000000000000000e+00
1.050000000000000000e+01
4.000000000000000000e+00
7.500000000000000000e+00
8.500000000000000000e+00
9.000000000000000000e+00
3.000000000000000000e+00
7.000000000000000000e+00
5.000000000000000000e+00
8.500000000000000000e+00
-1.500000000000000000e+00
7.500000000000000000e+00
7.000000000000000000e+00
9.000000000000000000e+00
7.000000000000000000e+00
-4.000000000000000000e+00
8.500000000000000000e+00
2.500000000000000000e+00
8.000000000000000000e+00
3.500000000000000000e+00
8.000000000000000000e+00
8.000000000000000000e+00
1.500000000000000000e+00
5.000000000000000000e+00
1.050000000000000000e+01
8.000000000000000000e+00
1.050000000000000000e+01
6.500000000000000000e+00
8.000000000000000000e+00
2.000000000000000000e+00
1.050000000000000000e+01
8.000000000000000000e+00
7.500000000000000000e+00
1.050000000000000000e+01
1.000000000000000000e+01
9.500000000000000000e+00
1.050000000000000000e+01
7.000000000000000000e+00
1.050000000000000000e+01
8.000000000000000000e+00
8.500000000000000000e+00
7.500000000000000000e+00
3.000000000000000000e+00
-3.000000000000000000e+00
3.500000000000000000e+00
1.050000000000000000e+01
9.500000000000000000e+00
1.000000000000000000e+01
7.000000000000000000e+00
8.000000000000000000e+00
2.000000000000000000e+00
3.500000000000000000e+00
6.500000000000000000e+00
9.000000000000000000e+00
7.500000000000000000e+00
8.500000000000000000e+00
7.500000000000000000e+00
1.050000000000000000e+01
8.000000000000000000e+00
7.000000000000000000e+00
5.500000000000000000e+00
7.500000000000000000e+00
9.500000000000000000e+00
7.500000000000000000e+00
1.050000000000000000e+01
7.500000000000000000e+00
7.500000000000000000e+00
4.000000000000000000e+00
9.500000000000000000e+00
7.500000000000000000e+00
8.500000000000000000e+00
1.050000000000000000e+01
1.050000000000000000e+01
6.000000000000000000e+00
9.000000000000000000e+00
9.500000000000000000e+00
4.500000000000000000e+00
8.000000000000000000e+00
6.000000000000000000e+00
1.050000000000000000e+01
7.000000000000000000e+00
1.000000000000000000e+01
8.500000000000000000e+00
5.000000000000000000e+00
9.500000000000000000e+00
6.500000000000000000e+00
5.500000000000000000e+00
7.000000000000000000e+00
1.050000000000000000e+01
1.050000000000000000e+01
8.500000000000000000e+00
7.500000000000000000e+00
9.000000000000000000e+00
8.500000000000000000e+00
9.000000000000000000e+00
6.500000000000000000e+00
9.000000000000000000e+00
9.000000000000000000e+00
1.050000000000000000e+01
9.500000000000000000e+00
1.050000000000000000e+01
7.000000000000000000e+00
1.000000000000000000e+01
1.050000000000000000e+01
8.000000000000000000e+00
9.500000000000000000e+00
1.050000000000000000e+01
1.000000000000000000e+01
1.050000000000000000e+01
9.500000000000000000e+00
8.500000000000000000e+00
1.050000000000000000e+01
9.000000000000000000e+00
1.050000000000000000e+01
1.050000000000000000e+01
1.050000000000000000e+01
9.500000000000000000e+00
1.050000000000000000e+01
9.500000000000000000e+00
9.000000000000000000e+00
1.050000000000000000e+01
1.050000000000000000e+01
1.050000000000000000e+01
1.050000000000000000e+01
7.500000000000000000e+00
8.500000000000000000e+00
8.000000000000000000e+00
7.500000000000000000e+00
1.050000000000000000e+01
7.500000000000000000e+00
1.050000000000000000e+01
9.000000000000000000e+00
1.050000000000000000e+01
1.050000000000000000e+01
1.050000000000000000e+01
1.050000000000000000e+01
1.050000000000000000e+01
1.050000000000000000e+01
1.050000000000000000e+01
1.050000000000000000e+01
1.050000000000000000e+01
1.050000000000000000e+01
1.050000000000000000e+01
9.500000000000000000e+00
1.050000000000000000e+01
1.050000000000000000e+01
8.000000000000000000e+00
1.050000000000000000e+01
1.050000000000000000e+01
1.050000000000000000e+01
1.050000000000000000e+01
1.050000000000000000e+01
1.050000000000000000e+01
1.050000000000000000e+01
1.050000000000000000e+01
1.050000000000000000e+01
1.050000000000000000e+01
1.050000000000000000e+01
1.050000000000000000e+01
